

Unitig Length
label	sum	cummulative	cummulative   min  average  max
     	   	 sum       	 fraction
    303 -    347:      2 
  frags          112        112    0.22004       37     56     75
  rs frag        112        112    0.22004       37     56     75
  nr frag          0          0    0.00000        0      0      0
  bases          650        650    0.20453      303    325    347
  rho            408        408    0.23790      197    204    211
  arrival          7          7    0.17500        2      3      5
  discr           17         17    0.36957       -6      8     23

    237 -    297:      8 
  frags          382        494    0.97053       28     47     79
  rs frag        382        494    0.97053       28     47     79
  nr frag          0          0    0.00000        0      0      0
  bases         2126       2776    0.87351      237    265    297
  rho           1259       1667    0.97201      118    157    203
  arrival         29         36    0.90000        1      3      6
  discr           27         44    0.95652      -21      3     18

    150 -    177:      2 
  frags           14        508    0.99804        1      7     13
  rs frag         14        508    0.99804        1      7     13
  nr frag          0          0    0.00000        0      0      0
  bases          327       3103    0.97640      150    163    177
  rho             48       1715    1.00000        0     24     48
  arrival          4         40    1.00000        0      2      4
  discr            2         46    1.00000        0      1      2

              75:      1 
  frags            1        509    1.00000        1      1      1
  rs frag          1        509    1.00000        1      1      1
  nr frag          0          0    0.00000        0      0      0
  bases           75       3178    1.00000       75     75     75
  rho              0       1715    1.00000        0      0      0
  arrival          0         40    1.00000        0      0      0
  discr            0         46    1.00000        0      0      0



Unitig Coverage Stat
label	sum	cummulative	cummulative   min  average  max
     	   	 sum       	 fraction
              23:      1 
  frags           37         37    0.07269       37     37     37
  rs frag         37         37    0.07269       37     37     37
  nr frag          0          0    0.00000        0      0      0
  bases          303        303    0.09534      303    303    303
  rho            211        211    0.12303      211    211    211
  arrival          5          5    0.12500        5      5      5
  discr           23         23    0.50000       23     23     23

     13 -     18:      5 
  frags          164        201    0.39489       28     32     42
  rs frag        164        201    0.39489       28     32     42
  nr frag          0          0    0.00000        0      0      0
  bases         1331       1634    0.51416      237    266    297
  rho            863       1074    0.62624      163    172    203
  arrival         25         30    0.75000        4      5      6
  discr           84        107    2.32609       13     16     18

               2:      1 
  frags           13        214    0.42043       13     13     13
  rs frag         13        214    0.42043       13     13     13
  nr frag          0          0    0.00000        0      0      0
  bases          177       1811    0.56986      177    177    177
  rho             48       1122    0.65423       48     48     48
  arrival          4         34    0.85000        4      4      4
  discr            2        109    2.36957        2      2      2

               0:      2 
  frags            2        216    0.42436        1      1      1
  rs frag          2        216    0.42436        1      1      1
  nr frag          0          0    0.00000        0      0      0
  bases          225       2036    0.64065       75    112    150
  rho              0       1122    0.65423        0      0      0
  arrival          0         34    0.85000        0      0      0
  discr            0        109    2.36957        0      0      0

              -6:      1 
  frags           75        291    0.57171       75     75     75
  rs frag         75        291    0.57171       75     75     75
  nr frag          0          0    0.00000        0      0      0
  bases          347       2383    0.74984      347    347    347
  rho            197       1319    0.76910      197    197    197
  arrival          2         36    0.90000        2      2      2
  discr           -6        103    2.23913       -6     -6     -6

    -19 -    -17:      2 
  frags          147        438    0.86051       68     73     79
  rs frag        147        438    0.86051       68     73     79
  nr frag          0          0    0.00000        0      0      0
  bases          530       2913    0.91661      262    265    268
  rho            277       1596    0.93061      118    138    159
  arrival          3         39    0.97500        1      1      2
  discr          -36         67    1.45652      -19    -18    -17

             -21:      1 
  frags           71        509    1.00000       71     71     71
  rs frag         71        509    1.00000       71     71     71
  nr frag          0          0    0.00000        0      0      0
  bases          265       3178    1.00000      265    265    265
  rho            119       1715    1.00000      119    119    119
  arrival          1         40    1.00000        1      1      1
  discr          -21         46    1.00000      -21    -21    -21



Unitig Arrival Distance
label	sum	cummulative	cummulative   min  average  max
     	   	 sum       	 fraction
               6:      2 
  frags           56         56    0.11002       28     28     28
  rs frag         56         56    0.11002       28     28     28
  nr frag          0          0    0.00000        0      0      0
  bases          490        490    0.15419      237    245    253
  rho            327        327    0.19067      163    163    164
  arrival         12         12    0.30000        6      6      6
  discr           36         36    0.78261       18     18     18

               5:      2 
  frags           67        123    0.24165       30     33     37
  rs frag         67        123    0.24165       30     33     37
  nr frag          0          0    0.00000        0      0      0
  bases          562       1052    0.33103      259    281    303
  rho            379        706    0.41166      168    189    211
  arrival         10         22    0.55000        5      5      5
  discr           41         77    1.67391       18     20     23

               4:      3 
  frags           91        214    0.42043       13     30     42
  rs frag         91        214    0.42043       13     30     42
  nr frag          0          0    0.00000        0      0      0
  bases          759       1811    0.56986      177    253    297
  rho            416       1122    0.65423       48    138    203
  arrival         12         34    0.85000        4      4      4
  discr           32        109    2.36957        2     10     17

               2:      2 
  frags          154        368    0.72299       75     77     79
  rs frag        154        368    0.72299       75     77     79
  nr frag          0          0    0.00000        0      0      0
  bases          615       2426    0.76337      268    307    347
  rho            356       1478    0.86181      159    178    197
  arrival          4         38    0.95000        2      2      2
  discr          -23         86    1.86957      -17    -11     -6

               1:      2 
  frags          139        507    0.99607       68     69     71
  rs frag        139        507    0.99607       68     69     71
  nr frag          0          0    0.00000        0      0      0
  bases          527       2953    0.92920      262    263    265
  rho            237       1715    1.00000      118    118    119
  arrival          2         40    1.00000        1      1      1
  discr          -40         46    1.00000      -21    -20    -19

               0:      2 
  frags            2        509    1.00000        1      1      1
  rs frag          2        509    1.00000        1      1      1
  nr frag          0          0    0.00000        0      0      0
  bases          225       3178    1.00000       75    112    150
  rho              0       1715    1.00000        0      0      0
  arrival          0         40    1.00000        0      0      0
  discr            0         46    1.00000        0      0      0

